okok
	pair cost: 0.0006787776947021484
	quasi: 0.21362066268920898
[0.9572721661053345 0.9551696184448077 3.1489098113474117
 3.4313941772987833 3.952615716206167  2.0930840881340633
 2.7891997060088767 2.708188508948371  1.5136290827015713
 2.548087321894602  3.049242200941081  3.2354982614738037
 2.543797358281512  3.122802107082675  3.298174798278587
 2.937753903920475  3.0919707307799658 3.8494641185494887
 2.49664294603774   3.3607073660168636 2.8470212503597514
 3.804704719160214  0.9578272286795776 0.9555344054506886
 3.5167088307108965 2.89382687802847   3.63305436237885
 1.5145075107109902 3.0259867812004737 2.3574908271295567
 3.0053354222116364 3.5270839230162916 3.4042281063407023
 2.6983724724359317 3.763932252312732  0.957867422976687
 0.9545433463180187 1.513518087106989  0.9576669567234734
 0.9549659679800119 3.5791570236579435 3.9735153202170994
 3.8077535371922377 3.119918268160242  1.5134972745267834
 2.859083244678266  3.628125962532173  3.393263031360817
 3.731332469775375  3.6729308460683    3.8546045192730225
 3.424934889892069  2.64881973716597   0.9575442548519629
 0.955690849595202  1.5145131230860955 0.9573384981290571
 0.955904806976092  1.5146963392046602 0.9574304152260883
 0.9554480624293507 3.1072536105055852 2.541083627116589
 3.051946591931123  1.514357289413565  3.1630532717613207
 2.783543604831798  3.1975510941969314 3.7633038676142
 3.0395560531103882 3.8471187920312517 0.9574680151315762
 0.9549801045048001 1.513806460549036 ]
[[ 0.5307              0.                  0.
   0.                  0.                  0.
   0.                  0.                  0.                ]
 [ 0.5307              0.                  0.
   0.                  0.                  0.
   0.                  0.                  0.                ]
 [-1.0614              0.1845314986754107 -0.0825107380955829
  -0.1231867137118067 -0.0300085554152105  0.0274316686157071
   0.0532394923732354  0.0019249619759162 -0.0270319672832279]
 [ 0.5307              0.                  0.
   0.                  0.                  0.
   0.                  0.                  0.                ]
 [ 0.5307              0.                  0.
   0.                  0.                  0.
   0.                  0.                  0.                ]
 [-1.0614              0.2186761841149413 -0.003828830719402
   0.0905589802053669 -0.0570207185819553  0.0002036714731853
  -0.0401135644053711  0.0182964245678672  0.0051599507922555]
 [ 0.5307              0.                  0.
   0.                  0.                  0.
   0.                  0.                  0.                ]
 [ 0.5307              0.                  0.
   0.                  0.                  0.
   0.                  0.                  0.                ]
 [ 0.5307              0.                  0.
   0.                  0.                  0.
   0.                  0.                  0.                ]
 [-1.0614              0.1967095356702138 -0.1024217809359142
  -0.0827647250095722 -0.0407800107176733  0.0390480258681337
   0.035739760223359  -0.0104393748411223 -0.0254522595635594]
 [ 0.5307              0.                  0.
   0.                  0.                  0.
   0.                  0.                  0.                ]
 [ 0.5307              0.                  0.
   0.                  0.                  0.
   0.                  0.                  0.                ]
 [-1.0614              0.2331811155306854 -0.0404826010487766
   0.0047527583334677 -0.0680986239439623  0.0219214640854728
  -0.0008875699374376  0.0054966803199155  0.0085388334962723]
 [ 0.5307              0.                  0.
   0.                  0.                  0.
   0.                  0.                  0.                ]
 [ 0.5307              0.                  0.
   0.                  0.                  0.
   0.                  0.                  0.                ]
 [-1.0614              0.1823993352281902 -0.0394980952255657
  -0.1456202091793994 -0.0250660482258057  0.0122525392810234
   0.0637061040927439  0.0131938599911852 -0.0145227060318171]
 [ 0.5307              0.                  0.
   0.                  0.                  0.
   0.                  0.                  0.                ]
 [ 0.5307              0.                  0.
   0.                  0.                  0.
   0.                  0.                  0.                ]
 [-1.0614              0.2067465989857834  0.0772904315476757
   0.0855388528013518 -0.0448907986205586 -0.0403037941002116
  -0.0375956632288844  0.0093838864480784 -0.008989732196507 ]
 [ 0.5307              0.                  0.
   0.                  0.                  0.
   0.                  0.                  0.                ]
 [ 0.5307              0.                  0.
   0.                  0.                  0.
   0.                  0.                  0.                ]
 [ 0.5307              0.                  0.
   0.                  0.                  0.
   0.                  0.                  0.                ]
 [ 0.5307              0.                  0.
   0.                  0.                  0.
   0.                  0.                  0.                ]
 [ 0.5307              0.                  0.
   0.                  0.                  0.
   0.                  0.                  0.                ]
 [-1.0614             -0.1435617070089049 -0.001342138144111
  -0.1882102475570261 -0.0058211159054922  0.0078261102233881
  -0.0578249989927249  0.0416618158332058 -0.0068786135578275]
 [ 0.5307              0.                  0.
   0.                  0.                  0.
   0.                  0.                  0.                ]
 [ 0.5307              0.                  0.
   0.                  0.                  0.
   0.                  0.                  0.                ]
 [ 0.5307              0.                  0.
   0.                  0.                  0.
   0.                  0.                  0.                ]
 [-1.0614             -0.185697356302103   0.0128757494267935
  -0.1462380568754038 -0.0311479428044029  0.0117709794203547
  -0.0579990458578849  0.0271189636874932 -0.0037159539488868]
 [ 0.5307              0.                  0.
   0.                  0.                  0.
   0.                  0.                  0.                ]
 [ 0.5307              0.                  0.
   0.                  0.                  0.
   0.                  0.                  0.                ]
 [ 0.5307              0.                  0.
   0.                  0.                  0.
   0.                  0.                  0.                ]
 [-1.0614             -0.1056573441942041  0.012355456144509
  -0.2114680369721963  0.0152387982940538  0.0127328066152618
  -0.0492466044558535  0.0490067785011021  0.0008052303308495]
 [ 0.5307              0.                  0.
   0.                  0.                  0.
   0.                  0.                  0.                ]
 [ 0.5307              0.                  0.
   0.                  0.                  0.
   0.                  0.                  0.                ]
 [ 0.5307              0.                  0.
   0.                  0.                  0.
   0.                  0.                  0.                ]
 [ 0.5307              0.                  0.
   0.                  0.                  0.
   0.                  0.                  0.                ]
 [ 0.5307              0.                  0.
   0.                  0.                  0.
   0.                  0.                  0.                ]
 [ 0.5307              0.                  0.
   0.                  0.                  0.
   0.                  0.                  0.                ]
 [ 0.5307              0.                  0.
   0.                  0.                  0.
   0.                  0.                  0.                ]
 [-1.0614              0.2147681936633671  0.0325075030671231
   0.0940890406715948 -0.0522117373682509 -0.0199668275474092
  -0.0437034071593723  0.0135340859230393  0.0019967780777194]
 [ 0.5307              0.                  0.
   0.                  0.                  0.
   0.                  0.                  0.                ]
 [-1.0614             -0.0516247759349166 -0.0013515186830013
  -0.2310149740742031  0.0342892587423732 -0.0100436838981734
  -0.0272159533500883  0.0565876004545405  0.0015468127929692]
 [ 0.5307              0.                  0.
   0.                  0.                  0.
   0.                  0.                  0.                ]
 [ 0.5307              0.                  0.
   0.                  0.                  0.
   0.                  0.                  0.                ]
 [-1.0614              0.2300620981079352  0.0244828439503292
   0.0500687897383613 -0.065316809143962  -0.0149965946743308
  -0.0249969539048536  0.0082892159843394  0.0060945802473636]
 [ 0.5307              0.                  0.
   0.                  0.                  0.
   0.                  0.                  0.                ]
 [ 0.5307              0.                  0.
   0.                  0.                  0.
   0.                  0.                  0.                ]
 [ 0.5307              0.                  0.
   0.                  0.                  0.
   0.                  0.                  0.                ]
 [-1.0614              0.1931046065226592  0.081268352923945
   0.1101858797321311 -0.0330273873814388 -0.0402282083899424
  -0.0480029047618634  0.0091766979046825 -0.0111480224973775]
 [ 0.5307              0.                  0.
   0.                  0.                  0.
   0.                  0.                  0.                ]
 [-1.0614             -0.0492427847642558 -0.0141850614347898
  -0.231103428188199   0.0383176531125159 -0.0082686301213421
  -0.0264899066015837  0.0543663134530589 -0.0052784608315516]
 [ 0.5307              0.                  0.
   0.                  0.                  0.
   0.                  0.                  0.                ]
 [ 0.5307              0.                  0.
   0.                  0.                  0.
   0.                  0.                  0.                ]
 [ 0.5307              0.                  0.
   0.                  0.                  0.
   0.                  0.                  0.                ]
 [ 0.5307              0.                  0.
   0.                  0.                  0.
   0.                  0.                  0.                ]
 [ 0.5307              0.                  0.
   0.                  0.                  0.
   0.                  0.                  0.                ]
 [ 0.5307              0.                  0.
   0.                  0.                  0.
   0.                  0.                  0.                ]
 [ 0.5307              0.                  0.
   0.                  0.                  0.
   0.                  0.                  0.                ]
 [ 0.5307              0.                  0.
   0.                  0.                  0.
   0.                  0.                  0.                ]
 [ 0.5307              0.                  0.
   0.                  0.                  0.
   0.                  0.                  0.                ]
 [-1.0614             -0.1748139191692093  0.0345535935363923
   0.155823634850457  -0.0253044000591171  0.0184794915611955
   0.0556287826710527  0.0328666846825667 -0.0080809299541334]
 [ 0.5307              0.                  0.
   0.                  0.                  0.
   0.                  0.                  0.                ]
 [ 0.5307              0.                  0.
   0.                  0.                  0.
   0.                  0.                  0.                ]
 [ 0.5307              0.                  0.
   0.                  0.                  0.
   0.                  0.                  0.                ]
 [-1.0614             -0.1236806581840033  0.0605138082568985
   0.1925513857156179  0.0007774407448702  0.0205161640769242
   0.0470934203987466  0.0435041327196744 -0.026267259317132 ]
 [ 0.5307              0.                  0.
   0.                  0.                  0.
   0.                  0.                  0.                ]
 [ 0.5307              0.                  0.
   0.                  0.                  0.
   0.                  0.                  0.                ]
 [-1.0614             -0.1643500078101263  0.0691239586699068
   0.1557106791783982 -0.0163311336870965  0.0321497328145687
   0.0528564604018378  0.0276116031650706 -0.0191146237214112]
 [ 0.5307              0.                  0.
   0.                  0.                  0.
   0.                  0.                  0.                ]
 [ 0.5307              0.                  0.
   0.                  0.                  0.
   0.                  0.                  0.                ]
 [ 0.5307              0.                  0.
   0.                  0.                  0.
   0.                  0.                  0.                ]
 [ 0.5307              0.                  0.
   0.                  0.                  0.
   0.                  0.                  0.                ]
 [ 0.5307              0.                  0.
   0.                  0.                  0.
   0.                  0.                  0.                ]]
[[-1.0614              0.1446851154181525  0.1337548403590743
  -0.1311896428706933  0.0016919635457362 -0.0465385111893629
   0.0456459792129849 -0.0006029195129559  0.0311331242972284]
 [-1.0614              0.1446851154181526 -0.0851291496912549
   0.1668954990072092  0.0016919635457563  0.0296197421701668
  -0.0580694352978188  0.0182810559855339  0.02520789424961  ]
 [-1.0614              0.2101201968765207  0.1006964829597679
   0.0417682118804597 -0.0497638542452259 -0.0461592803540233
  -0.014458053198117  -0.0070415249677372 -0.0188718678149826]
 [-1.0614              0.1923712914498505  0.0901789402097434
   0.1043834628097276 -0.0382788600563762 -0.035296084168297
  -0.0400115290588055  0.0051411521198501 -0.029722845347369 ]
 [-1.0614              0.1993904603976301  0.125852779667554
   0.0209615002315391 -0.0405491069352439 -0.0559094706293042
  -0.0032908297077182 -0.0148108477898403 -0.0148861133747302]
 [-1.0614             -0.1022259251972829  0.1118082127056058
  -0.1818891039307279  0.0079577331403353  0.0236667777744078
  -0.0369592065657394  0.0260155857411992  0.0505534428574202]
 [-1.0614             -0.1328658209806769  0.0813139321205815
  -0.1782402322647887 -0.0039589626380008  0.0183182229797297
  -0.0497017863804738  0.0300353532464093  0.0387074337920932]
 [-1.0614             -0.0928413812742235  0.1580086002427558
  -0.1498286438302264  0.0132997877771864  0.035042253122203
  -0.0236555005499733 -0.0000694813431189  0.0570741161157633]
 [ 0.5307              0.                  0.
   0.                  0.                  0.
   0.                  0.                  0.                ]
 [ 0.5307              0.                  0.
   0.                  0.                  0.
   0.                  0.                  0.                ]
 [ 0.5307              0.                  0.
   0.                  0.                  0.
   0.                  0.                  0.                ]
 [ 0.5307              0.                  0.
   0.                  0.                  0.
   0.                  0.                  0.                ]
 [ 0.5307              0.                  0.
   0.                  0.                  0.
   0.                  0.                  0.                ]
 [ 0.5307              0.                  0.
   0.                  0.                  0.
   0.                  0.                  0.                ]
 [ 0.5307              0.                  0.
   0.                  0.                  0.
   0.                  0.                  0.                ]
 [ 0.5307              0.                  0.
   0.                  0.                  0.
   0.                  0.                  0.                ]
 [ 0.5307              0.                  0.
   0.                  0.                  0.
   0.                  0.                  0.                ]
 [ 0.5307              0.                  0.
   0.                  0.                  0.
   0.                  0.                  0.                ]
 [ 0.5307              0.                  0.
   0.                  0.                  0.
   0.                  0.                  0.                ]
 [ 0.5307              0.                  0.
   0.                  0.                  0.
   0.                  0.                  0.                ]
 [ 0.5307              0.                  0.
   0.                  0.                  0.
   0.                  0.                  0.                ]
 [ 0.5307              0.                  0.
   0.                  0.                  0.
   0.                  0.                  0.                ]
 [-1.0614              0.1446610341966809 -0.1288433753570758
   0.1360420234755716  0.0017064748341686  0.0448221601000398
  -0.0473264328853285  0.0016916996085631  0.031101365460576 ]
 [-1.0614              0.1446610341966808 -0.037365009406094
  -0.1836080161561985  0.0017064748341761  0.012998576210051
   0.0638737371866922  0.0286700634351008 -0.0121730950750081]
 [-1.0614              0.1674244141499794 -0.1643565228718442
  -0.0314779490373617 -0.0216708674229081  0.0573347926628219
   0.0061157844338238 -0.0330609952033856 -0.0182906794704411]
 [-1.0614              0.2007061595861447 -0.1242454986668745
  -0.0177469970639061 -0.0432543944838234  0.0520397882729773
   0.0033557022120276 -0.021508851564331  -0.0129966335837097]
 [-1.0614              0.1399568547229413 -0.1905168698802086
   0.0122581991619808 -0.0038013945247106  0.0565727530483702
  -0.0120798557734484 -0.0431348013659498 -0.00065202065068  ]
 [ 0.5307              0.                  0.
   0.                  0.                  0.
   0.                  0.                  0.                ]
 [ 0.5307              0.                  0.
   0.                  0.                  0.
   0.                  0.                  0.                ]
 [ 0.5307              0.                  0.
   0.                  0.                  0.
   0.                  0.                  0.                ]
 [ 0.5307              0.                  0.
   0.                  0.                  0.
   0.                  0.                  0.                ]
 [ 0.5307              0.                  0.
   0.                  0.                  0.
   0.                  0.                  0.                ]
 [ 0.5307              0.                  0.
   0.                  0.                  0.
   0.                  0.                  0.                ]
 [ 0.5307              0.                  0.
   0.                  0.                  0.
   0.                  0.                  0.                ]
 [ 0.5307              0.                  0.
   0.                  0.                  0.
   0.                  0.                  0.                ]
 [-1.0614              0.1446991015822745  0.0060017974766034
  -0.187245856477301   0.001683534406721  -0.0020884606386658
   0.0651564139794284  0.031070186724693   0.0019938358550138]
 [-1.0614              0.1446991015822745  0.1442118819119492
   0.1195824629963867  0.0016835344067473 -0.0501817730730206
  -0.0416114119172353 -0.0057634894167398 -0.0305959813417892]
 [ 0.5307              0.                  0.
   0.                  0.                  0.
   0.                  0.                  0.                ]
 [-1.0614              0.1447305297053039  0.1713297209590347
   0.07572359491537    0.0016645904283318 -0.0596309848943795
  -0.0263554537955859 -0.0209508786172703 -0.0230154652950079]
 [-1.0614              0.1447305297053038 -0.0686299920600649
  -0.1742924562356132  0.0016645904282654  0.0238865387565397
   0.0606621592961985  0.0227674408401119 -0.0212201459743627]
 [-1.0614              0.1633798019101628  0.1597637390220921
  -0.0617855190239784 -0.0157294251835381 -0.0600745417846437
   0.0146751048749662 -0.01932712824139    0.0278679770835488]
 [-1.0614              0.1790627097620605  0.1258930168403758
  -0.0901241178768621 -0.0282096530291773 -0.0501491241665865
   0.0290586482335827 -0.0042305580372128  0.0323861743024241]
 [-1.0614              0.0161965737087255  0.1565884575180174
   0.1767840159963888  0.0322630219743407  0.002418457386185
  -0.013109890284901   0.0069223264878399 -0.0628915477054609]
 [-1.0614              0.0119228475132428  0.1933934291489237
   0.1359841520500892  0.0361115753426207  0.0012193708944579
  -0.0126198885198254 -0.0212593990335516 -0.0574902578746698]
 [ 0.5307              0.                  0.
   0.                  0.                  0.
   0.                  0.                  0.                ]
 [ 0.5307              0.                  0.
   0.                  0.                  0.
   0.                  0.                  0.                ]
 [ 0.5307              0.                  0.
   0.                  0.                  0.
   0.                  0.                  0.                ]
 [ 0.5307              0.                  0.
   0.                  0.                  0.
   0.                  0.                  0.                ]
 [ 0.5307              0.                  0.
   0.                  0.                  0.
   0.                  0.                  0.                ]
 [ 0.5307              0.                  0.
   0.                  0.                  0.
   0.                  0.                  0.                ]
 [ 0.5307              0.                  0.
   0.                  0.                  0.
   0.                  0.                  0.                ]
 [ 0.5307              0.                  0.
   0.                  0.                  0.
   0.                  0.                  0.                ]
 [ 0.5307              0.                  0.
   0.                  0.                  0.
   0.                  0.                  0.                ]
 [-1.0614              0.1446440470231967  0.1356860203465282
   0.1292372464998321  0.0017167098127701 -0.0471970432883809
  -0.0449539009394293 -0.0015157693778409 -0.0311163521142064]
 [-1.0614              0.1446440470231968 -0.1576885395833488
  -0.1012288816712277  0.0017167098127562  0.0548504024938546
   0.0352114676078605 -0.0129698632102673 -0.0283250344043761]
 [ 0.5307              0.                  0.
   0.                  0.                  0.
   0.                  0.                  0.                ]
 [-1.0614              0.1446156890722394  0.0341947441049594
  -0.1842603709139416  0.0017337931450339 -0.0118919724001298
   0.0640805861456543  0.029088100057688   0.011181323318317 ]
 [-1.0614              0.1446156890722394  0.0853998230681276
   0.1668173702996169  0.0017337931450161 -0.0296996619066643
  -0.0580144000310774  0.0182206814008795 -0.025281343425587 ]
 [ 0.5307              0.                  0.
   0.                  0.                  0.
   0.                  0.                  0.                ]
 [-1.0614              0.1446237792328708 -0.0667759749899705
  -0.1750993831631804  0.0017289198303889  0.0232241093236761
   0.0608980582866953  0.0232474635672786 -0.0207489672046735]
 [-1.0614              0.144623779232871   0.0134693685228233
   0.1869154914167998  0.00172891983035   -0.0046845304339163
  -0.0650075990295122  0.0308383502222483 -0.0044677016397956]
 [-1.0614             -0.0988244222113606 -0.1072783744241604
  -0.1864401949556103  0.0128759175304637 -0.0148859800889284
  -0.0430227259318828  0.0239800499673247 -0.0490765394523247]
 [-1.0614             -0.0894664424504186 -0.1474395820364398
  -0.1621486591488547  0.0129144985338121 -0.0236271968070596
  -0.0322404351580036  0.0038619858510114 -0.0586727946146247]
 [-1.0614             -0.1516857338759787 -0.0841488496614729
  -0.1610753599367147 -0.009211239044472  -0.0203310565086816
  -0.0570131423380351  0.0158157312143728 -0.0349721544449947]
 [ 0.5307              0.                  0.
   0.                  0.                  0.
   0.                  0.                  0.                ]
 [ 0.5307              0.                  0.
   0.                  0.                  0.
   0.                  0.                  0.                ]
 [ 0.5307              0.                  0.
   0.                  0.                  0.
   0.                  0.                  0.                ]
 [ 0.5307              0.                  0.
   0.                  0.                  0.
   0.                  0.                  0.                ]
 [ 0.5307              0.                  0.
   0.                  0.                  0.
   0.                  0.                  0.                ]
 [ 0.5307              0.                  0.
   0.                  0.                  0.
   0.                  0.                  0.                ]
 [ 0.5307              0.                  0.
   0.                  0.                  0.
   0.                  0.                  0.                ]
 [-1.0614              0.1446575198875857  0.1534227187205978
  -0.107566415111496   0.0017085923467433 -0.0533715496279657
   0.0374194011832183 -0.0106179389273775  0.0292829696862654]
 [-1.0614              0.1446575198875857 -0.0029836917232737
   0.187350371932534   0.0017085923467462  0.0010379443944922
  -0.06517404825569    0.0311327660717123  0.0009918757161427]
 [ 0.5307              0.                  0.
   0.                  0.                  0.
   0.                  0.                  0.                ]]
0.657065221219616
[0. 0. 1. 1. 1. 1. 1. 1. 0. 1. 1. 1. 1. 1. 1. 1. 1. 1. 1. 1. 1. 1. 0. 0.
 1. 1. 1. 0. 1. 1. 1. 1. 1. 1. 1. 0. 0. 0. 0. 0. 1. 1. 1. 1. 0. 1. 1. 1.
 1. 1. 1. 1. 1. 0. 0. 0. 0. 0. 0. 0. 0. 1. 1. 1. 0. 1. 1. 1. 1. 1. 1. 0.
 0. 0.]
		ePerm costs: 2.3566203117370605
		multi costs: 0.13989663124084473
nan
	calc costs: 2.845578670501709
